"H1A_D0" "H1B_D0" "H2_D0" "H3_D0" "H4_D0" "H5A_D0" "H5B_D0" "H6_D0" "C1A_D0" "C1B_D0" "C2A_D0" "C2B_D0" "C3A_D0" "C3B_D0" "C4A_D0" "C4B_D0" "H1A_D1" "H1B_D1" "H2_D1" "H3_D1" "H4_D1" "H5A_D1" "H5B_D1" "H6_D1" "C1A_D1" "C1B_D1" "C2A_D1" "C2B_D1" "C3A_D1" "C3B_D1" "C4A_D1" "C4B_D1" "H1A_D2" "H1B_D2" "H2_D2" "H3_D2" "H4_D2" "H5A_D2" "H5B_D2" "H6_D2" "C1A_D2" "C1B_D2" "C2A_D2" "C2B_D2" "C3A_D2" "C3B_D2" "C4A_D2" "C4B_D2" "H1A_D3" "H1B_D3" "H2_D3" "H3_D3" "H4_D3" "H5A_D3" "H5B_D3" "H6_D3" "C1A_D3" "C1B_D3" "C2A_D3" "C2B_D3" "C3A_D3" "C3B_D3" "C4A_D3" "C4B_D3"
"ENSG00000227008" 1 0 0 0 5 0 1 0 6718 23092 3560 2380 6547 4411 18648 4263 0 0 0 1 0 0 0 1 3828 3336 5048 6263 10839 4000 6621 14053 0 0 1 3 0 0 0 0 4889 3330 5717 4700 7346 3526 4992 5613 0 1 0 2 0 0 0 0 3891 4223 3914 1969 3122 1677 3909 2950
"ENSG00000249921" 0 0 0 0 0 0 0 0 2939 9873 2050 1529 3571 2853 8239 2490 0 0 0 0 0 0 0 0 2595 1803 2317 3619 4846 2624 2809 7073 1 0 0 0 0 0 0 0 2750 2181 2483 2745 3579 1939 2156 3210 0 0 0 0 0 0 0 0 2342 3135 2118 1022 1642 943 1805 1608
"ENSG00000164736" 112 10 15 28 157 28 27 35 286 712 26 12 13 34 64 26 883 453 398 138 369 473 662 41 138 3712 645 2469 1740 530 111 2550 22407 10710 8309 16161 35202 15863 28196 10227 12753 15608 12305 10641 15559 12016 7058 24439 18535 10594 7541 11641 32207 17980 24173 9802 13361 22427 16126 4840 11911 16748 11875 13646
"ENSG00000121966" 42 22 174 53 226 55 69 50 490 187 57 9 141 63 279 37 179 74 79 41 92 129 156 36 314 362 279 237 1268 128 317 388 16927 4146 6205 7784 17180 11475 10501 2496 5242 5653 9445 3191 8363 5094 4099 7658 37418 19566 11564 20457 52852 30627 22978 8951 20541 38214 21135 5102 17469 23438 14506 19447
"ENSG00000110799" 28 9 41 37 118 34 27 31 112 64 22 4 54 17 147 23 45 28 36 26 27 27 33 37 17 42 20 28 48 24 19 87 3142 890 1542 1450 5378 2449 2184 795 2372 4044 6822 2814 10168 4130 2826 8580 8648 3029 2051 5036 14073 5601 6953 3682 6713 8585 9140 2367 9142 9831 10840 8715
"ENSG00000176343" 0 1 0 0 0 0 0 0 1289 6544 1108 786 2088 1277 4550 1136 0 0 0 0 0 0 0 0 1176 773 1317 1926 2970 1229 1776 3391 0 0 0 1 0 1 0 0 1287 871 1524 1367 2180 1008 1346 1418 0 0 0 0 0 0 0 0 1178 1219 1275 644 1106 485 1152 883
"ENSG00000158815" 1003 22 54 49 267 68 81 64 597 443 46 16 39 49 124 57 15531 5245 3966 4847 3980 10456 6822 2191 6613 7287 10375 10930 18894 3125 8661 27698 38136 15536 14500 22242 32654 22198 28313 16270 16792 21205 20509 14531 25701 16400 11908 30586 42133 31528 18197 27309 63925 40089 53333 28119 25578 48224 35917 9079 20105 29215 22548 26547
"ENSG00000234036" 1 0 0 0 0 0 1 0 1306 6866 830 855 1135 1236 3374 1189 1 0 0 0 0 0 2 2 1048 1019 1157 1851 1793 1096 1208 3964 0 1 0 0 0 0 1 1 1642 964 1347 1030 1618 942 1099 1538 0 0 0 3 0 0 1 0 2026 1445 1206 408 888 629 1039 1082
"ENSG00000229807" 1974 645 4 1411 4 4 3 24 3393 2277 6 1 4021 925 15 4 4947 2231 5 2100 3 12 11 25 1890 991 6 1 3064 896 2 8 3668 781 6 1539 4 5 6 19 979 1190 6 4 2368 736 6 4 8197 1836 3 4432 4 6 3 8 1595 4169 8 1 3310 1720 6 1
"ENSG00000163508" 4003 24 72 39 276 77 54 60 623 1802 36 11 42 96 131 64 36794 22584 13062 20676 31730 31917 30991 15800 13405 13545 17936 19012 29571 4988 12807 50154 27392 10548 10077 20511 36696 18745 27285 11669 18465 15590 23003 14071 22581 13984 10383 22601 23539 13242 8850 14086 31917 16352 26081 9218 15998 25034 25299 6992 15782 19302 14585 15702
"ENSG00000104371" 2007 7 15 11 72 15 31 20 97 106 9 10 10 22 24 19 7050 11298 2415 2369 15809 7381 23591 2109 3601 17297 10467 34622 15456 5269 3205 41238 5842 3630 3931 6912 14099 1652 11726 4886 3201 685 456 305 917 1294 1324 482 718 707 2676 1263 2561 877 2555 347 864 130 13 15 20 66 23 37
"ENSG00000147869" 25286 192 2476 358 3913 584 2628 1071 5663 1669 468 277 283 864 983 557 225887 144018 60461 68848 208017 148861 123246 39977 25524 74822 63827 62067 99235 22075 16610 165551 352531 146604 127252 177002 543072 136866 281792 126055 137219 148899 175982 71310 160959 133774 75564 220531 314847 251935 136266 145867 685492 241185 306224 107037 191997 346024 266184 39023 132934 281937 91151 213910
"ENSG00000236811" 1 0 1 1 10 1 4 0 1261 3673 1181 721 1819 1440 4093 1332 4 1 0 2 0 3 2 1 1216 1078 1184 1565 2006 1251 1259 3511 1 1 1 3 0 3 0 0 1425 995 1160 921 1675 904 872 1672 5 0 0 5 1 2 2 1 989 1180 843 304 640 403 682 639
"ENSG00000141448" 674 7 27 24 139 31 25 28 272 532 21 15 18 25 62 22 7411 4006 2450 2977 5878 6723 5831 1497 1856 4713 4984 7338 6134 1095 2752 13783 18340 7549 5944 10014 22927 10131 15028 5485 9597 12429 12276 11397 11282 8131 5483 17149 18294 8612 6031 8823 21019 14678 15448 5551 12620 26238 18522 6645 9012 11482 11820 11921
"ENSG00000135480" 90 23 170 179 304 244 141 63 1644 2798 1049 244 1911 583 5087 532 5 1 7 6 7 5 4 8 256 582 242 623 438 607 299 1715 0 1 3 9 4 1 2 6 2514 3302 2528 1860 4346 2907 1363 5389 6 0 3 5 2 0 5 9 4121 6097 2386 800 2642 2072 2693 4158
"ENSG00000132130" 253 10 28 24 180 25 68 28 210 287 26 4 44 39 101 33 838 1408 474 354 2667 640 2193 247 238 3988 1091 5040 2610 1111 436 9730 19794 6787 5766 12573 22477 13787 19861 8156 5522 8048 7872 4408 11863 10128 4282 14371 14190 9244 6513 10156 19983 11613 20295 6375 9928 10530 9158 1871 7156 7476 5832 6651
"ENSG00000110148" 315 109 131 448 719 669 581 200 572 492 98 31 142 51 235 41 588 253 80 200 264 585 336 208 142 171 216 178 565 79 168 258 14212 5785 2542 4534 8503 4340 7066 2702 5810 13254 14611 13878 15014 7941 5035 15914 19707 12402 4530 8555 18290 21364 20551 9426 18088 51024 32333 12414 22265 26888 21266 19946
"ENSG00000185155" 5074 10 71 50 424 77 79 67 517 713 58 32 58 114 144 75 45066 29664 17148 25062 52902 42267 56345 20031 21352 23845 28187 35171 40761 9379 18778 98534 20912 6604 8713 14251 31578 12414 22693 8569 14285 5646 7431 4199 8777 5224 6427 7877 9360 6455 4760 8103 24030 11948 13880 5414 4546 5187 6108 1173 2268 1906 3019 2837
"ENSG00000249210" 0 0 0 2 0 0 1 0 1316 2232 930 556 1424 1258 3245 1008 0 0 1 3 0 1 0 1 937 697 987 1025 1649 1098 1088 2848 0 0 0 0 0 1 0 1 1117 689 826 727 1296 732 712 1261 0 0 1 5 0 0 0 0 798 786 716 198 496 333 507 519
"ENSG00000185031" 1 0 0 1 4 1 1 0 472 1567 292 187 312 900 647 525 1 2 0 2 1 0 0 0 818 1351 421 535 529 1033 266 4618 0 0 1 1 0 2 0 0 1395 1619 672 128 909 1160 299 2498 1 0 0 3 0 0 3 3 3445 4156 1581 93 1473 1293 1045 2512
"ENSG00000107984" 2208 10 16 12 58 11 16 14 165 256 12 17 14 15 45 16 29247 12410 9780 10825 16808 19800 21405 5020 3207 7184 9101 16270 13467 2235 4669 23726 2158 581 1564 2416 1607 1894 2240 665 1626 854 567 369 654 596 804 412 2440 837 2928 3177 1300 1029 2767 301 771 69 52 16 72 116 31 46
"ENSG00000228360" 0 0 1 1 5 1 0 0 1005 4170 720 442 1353 761 3087 751 1 0 2 0 3 0 0 0 838 493 902 1168 2030 704 1044 2190 2 3 1 0 0 2 2 0 846 535 1105 967 1365 641 958 951 1 0 1 0 0 3 1 0 741 749 805 471 678 311 783 584
"ENSG00000117834" 35 3 9 11 37 10 19 8 99 30 14 8 30 5 69 6 237 110 74 71 69 202 264 26 89 114 237 375 474 69 118 406 2970 507 532 1435 1766 8643 1157 708 684 2415 3295 2636 4889 1971 1157 2823 8577 2490 1432 5775 6118 2930 1851 3235 2466 14271 9184 4075 10950 6633 9897 4357
"ENSG00000243175" 1 0 1 1 0 1 0 0 965 3571 703 390 1230 922 3856 999 2 0 0 0 1 1 0 1 686 563 863 1085 1649 850 1196 2969 0 0 2 1 0 0 0 0 891 620 948 835 1166 672 871 1360 2 0 1 1 1 0 1 0 685 818 621 275 432 341 606 739
"ENSG00000158270" 89 11 176 51 238 45 79 94 255 267 39 19 48 43 161 52 540 377 344 220 1165 308 531 106 191 1539 183 1018 322 243 69 3524 21854 8227 7587 7286 29508 9640 10771 3523 5275 12872 8712 6586 7805 8033 2446 15749 18414 14435 6964 7836 38564 14972 14698 11047 7726 17720 3668 1622 3233 6630 4865 7252
"ENSG00000164458" 950 1 23 4 56 23 16 11 75 327 11 4 6 18 29 13 9224 5032 4480 7692 8103 9990 10865 4915 3807 4116 4719 6367 4290 1397 4757 19190 527 216 1472 648 712 1181 928 217 826 107 62 127 108 215 130 189 133 32 1769 132 91 77 170 22 272 11 12 2 12 19 14 12
"ENSG00000164692" 1880 246 4858 1765 4553 1461 2219 3123 589 2495 881 581 8 7 23 5 7904 6847 9644 7367 9612 7359 10773 8789 1701 2393 3220 4625 9 11 7 35 1158 750 4679 2805 2711 699 2800 4861 847 1505 1794 1954 3 10 5 9 787 449 4380 2238 1170 637 2029 2355 534 1322 2191 584 4 8 10 0
"ENSG00000243023" 0 0 0 0 0 0 0 0 764 2967 582 395 1052 681 2405 666 0 0 0 0 0 0 0 0 684 515 788 1026 1550 646 937 2045 0 0 0 0 0 0 0 0 822 540 877 713 1069 565 688 941 0 0 0 0 0 0 0 0 736 807 676 263 491 290 515 551
"ENSG00000109475" 1233 2403 2184 3516 4034 1963 2450 1370 7 29 10 9 8 8 35 6 3158 1551 1341 2420 2478 3508 2893 1640 10 8 18 13 20 6 12 17 2169 1164 1105 2080 2542 1112 2092 1625 9 5 10 6 22 4 8 12 2386 913 1094 2239 1753 1262 1740 1308 9 9 5 3 4 504 8 5
"ENSG00000076356" 809 23 129 63 379 138 220 148 562 367 79 33 127 93 311 94 7332 4360 2550 2515 3947 5660 7197 1371 2302 4434 1665 2509 2839 1132 1216 11590 27153 8917 13361 15281 29793 35596 34370 8364 15135 18587 16625 9479 17533 16406 5768 37341 28592 12206 9721 14223 25728 23342 33436 9862 31213 44648 25549 6520 18107 34907 14237 21019
"ENSG00000133937" 366 2 8 12 54 12 6 4 115 133 12 3 10 16 24 8 4289 1956 1077 1328 2674 3196 2833 1611 1917 1529 2480 2746 5011 827 2685 7022 5994 1976 1608 4467 5364 4049 5020 2687 2848 3527 3788 2032 5078 2248 2795 4402 4684 2509 1454 3595 6298 3770 4526 3001 3182 8914 5969 1578 4182 4194 5372 3184
"ENSG00000135046" 199 963 21159 800 8177 640 10834 7278 1331 582 7 205 8 237 48 130 33 51 431 64 237 57 226 656 39 19 2 8 18 166 10 16 995 453 2771 2641 2135 523 503 2645 13 0 5 4 11 6 5 9 8368 1179 7285 9706 1864 156 479 1504 650 8 3 1 13 11 16 3
"ENSG00000120937" 15 24 468 6 61 7 54 33 95 32 3 40 2 31 8 11 114 44 150 21 19 104 59 10 32 103 1 4 4 21 3 100 1499 732 2620 2132 2682 1790 781 331 516 356 11 13 424 233 9 384 16033 6186 4851 4063 31066 9077 2557 1419 4446 3765 43 22 360 2098 97 1537
"ENSG00000004948" 653 5 130 42 72 44 28 16 131 249 13 4 19 26 56 16 5351 3906 2412 1306 2217 3661 4113 641 1647 3092 4020 5406 4821 1063 1811 10588 1617 875 1211 2138 4100 1646 2419 1494 5414 7327 7270 7612 5642 6417 3024 10318 1299 542 1028 1977 3068 643 1024 844 5324 16926 10190 3554 6418 10694 6466 7686
"ENSG00000095596" 1049 91 780 227 856 202 149 451 1935 1002 798 120 574 166 1644 136 6976 4609 2882 2572 8039 4761 5091 2397 528 1092 1451 2028 1153 257 417 1541 81508 34359 27688 33769 83815 47600 34386 21154 7291 11001 6339 6909 8775 9083 2229 18762 131524 71075 39459 49944 129582 69762 53207 28725 27200 69739 27861 9282 25632 43512 14032 28433
"ENSG00000175426" 79 14 94 48 1003 84 180 98 175 20840 102 813 192 3762 354 1742 150 284 128 195 6013 339 1501 368 3482 8275 7271 15499 3950 7757 2676 40775 1 17 7 11 64 27 177 46 1690 396 218 286 263 1015 269 664 10 14 2 11 31 10 118 25 1351 55 72 25 99 142 140 34
"ENSG00000248180" 0 0 1 0 0 0 0 0 565 1989 628 435 1017 808 1959 757 1 0 0 1 1 0 0 0 667 554 656 831 1102 761 728 1972 0 0 0 1 0 0 1 0 757 562 637 465 867 470 479 923 0 0 0 1 0 0 0 0 588 584 430 175 329 207 371 376
"ENSG00000143768" 838 227 1844 635 1921 434 2291 406 2062 1992 275 387 432 771 667 449 6871 3583 4811 8351 4930 6759 7603 6250 9593 2076 2829 1812 5405 1303 3468 3631 114606 28851 28626 45288 41185 122626 51076 22491 11600 11079 10866 4125 13982 3094 7950 10619 200301 124219 39122 124166 154884 187932 189419 93758 47646 186332 119404 29262 76440 59133 115638 130502
"ENSG00000184697" 947 20 2279 1308 3532 1392 1870 1193 5 10 0 0 7 9 16 5 1601 957 810 1046 1599 1549 1418 855 9 1 2 2 3 8 3 5 1452 649 918 1540 2464 489 1032 1040 4 2 4 0 4 2 2 3 1222 725 1076 1316 2961 769 1364 946 4 1 4 0 0 360 3 3
"ENSG00000258938" 0 0 0 1 3 0 0 0 447 1913 545 320 793 566 1869 510 0 0 1 0 0 2 1 0 642 608 714 938 1235 568 712 1752 0 0 2 1 2 1 1 0 741 590 565 487 928 502 484 856 1 1 0 0 1 0 2 0 698 774 506 151 441 281 393 459
"ENSG00000148677" 40 5 114 7 25 23 66 17 64 103 3 4 1 6 12 4 584 199 264 161 66 390 210 31 50 227 4 19 22 19 7 294 2991 1024 2293 3370 2159 5045 880 1018 1701 1679 148 145 3171 1861 190 3334 5877 1278 1862 3849 3118 2343 448 3674 4937 13175 255 69 2472 3262 1463 2449
"ENSG00000144713" 2658 1143 4964 5493 8772 3837 5295 3129 122 230 48 36 49 52 161 55 6408 3553 2824 4612 5559 6660 6063 3491 44 58 51 65 83 51 64 181 4579 2428 2357 4158 5881 2057 4538 3714 54 20 29 30 52 45 38 54 4695 1949 2436 5016 3918 2343 4209 3052 31 27 20 9 8 1521 12 15
"ENSG00000106038" 317 1 2 0 10 0 2 5 24 41 2 1 3 5 6 1 3931 1664 1559 2638 3164 3738 5077 1689 1636 1316 681 1617 2726 742 892 6554 9 2 34 85 73 55 85 11 97 4 3 2 24 15 3 4 3 2 33 12 28 26 18 8 29 3 0 0 2 3 3 6
"ENSG00000041982" 254 27 808 195 1559 441 3126 1531 476 355 42 42 58 129 219 119 1044 996 691 370 699 1055 6384 1501 101 354 54 142 61 148 51 743 30955 10102 13706 19082 24297 19476 28389 12739 1149 683 251 151 882 1101 173 2151 68951 24522 25544 36081 29143 14739 28451 16777 2630 258 66 27 453 2684 229 704
"ENSG00000229051" 2 1 3 2 4 4 2 0 731 3698 320 172 1263 460 1567 372 2 4 3 1 3 1 3 1 301 172 197 262 339 359 286 630 7 6 1 1 5 4 12 2 604 601 699 1021 1068 518 464 897 15 5 8 7 16 14 14 0 962 1612 1071 690 1534 1075 1286 807
"ENSG00000057657" 54 1 79 13 108 17 49 39 120 118 16 11 35 21 56 14 837 343 306 334 492 855 534 166 278 633 543 562 959 186 288 1725 6544 2273 2519 4384 7508 5341 5279 2802 4158 3763 5295 3709 5065 3669 2168 7045 4930 2184 1651 3065 4658 4187 4883 2642 4814 5713 5116 1681 4445 5048 3993 4012
"ENSG00000239207" 2 0 0 0 0 0 0 1 748 2329 549 434 871 607 2230 484 2 2 0 0 0 0 0 0 529 386 491 959 1013 550 726 1493 0 0 0 0 0 0 0 0 578 369 500 585 797 423 519 718 0 0 1 0 0 0 0 0 427 454 384 215 320 197 389 243
"ENSG00000106366" 107 78 7312 488 1759 429 2982 7659 708 1509 72 614 90 2531 246 593 92 57 209 67 115 69 266 723 94 94 13 52 16 1746 21 249 6330 1149 4636 15429 5784 1909 1753 8613 104 14 29 10 107 43 22 37 29194 2887 10855 24173 4682 469 1508 6628 1643 14 31 5 179 92 87 42
"ENSG00000249840" 0 0 0 0 0 0 0 0 897 1136 593 339 811 882 1955 578 1 0 0 0 0 0 0 0 550 418 593 656 934 763 601 1767 0 0 0 0 0 0 0 0 671 394 563 459 746 534 447 697 0 0 0 0 0 0 0 0 520 480 384 119 312 195 248 312
"ENSG00000234787" 70 21 384 202 69 11 12 183 65 3 10 0 1 3 9 5 403 318 759 559 299 251 528 750 32 3 8 28 6 5 7 25 4130 1840 1623 3349 3082 1861 1912 2950 6 13 10 29 17 14 18 36 6508 3472 2116 4130 4244 1972 3248 3806 145 43 17 17 5 11 25 13
"ENSG00000215009" 2 3 1 0 9 2 2 0 13 24 3 2 5 1 0 1 7 5 0 1 2 6 6 2 10 36 9 8 3 2 0 9 206 87 55 69 176 86 87 22 183 911 1645 1208 753 978 215 618 643 308 235 361 445 209 342 61 1415 2330 3793 871 1804 3971 1322 1011
"ENSG00000170381" 51 3 186 57 136 51 93 66 78 68 6 2 17 19 23 7 268 147 127 166 181 178 200 98 77 141 52 82 78 58 51 282 1199 676 510 421 1870 863 1022 258 1024 2256 2317 1733 1806 2046 565 2976 2365 1498 690 1010 3039 2784 2640 854 4046 10488 9535 2422 6391 12168 4673 7214
"ENSG00000183586" 0 0 0 0 0 0 0 0 856 2954 484 247 770 444 2576 510 0 0 0 0 0 0 0 0 350 340 445 600 887 402 675 1235 0 0 0 0 0 0 0 0 506 338 538 373 657 287 489 582 0 0 0 0 1 0 0 0 354 432 427 174 315 173 468 313
"ENSG00000133636" 1174 884 3869 911 5698 4031 8676 1491 596 2277 256 692 315 965 1025 756 2157 3693 5182 1746 5452 8006 27223 9806 218 190 40 457 28 687 31 593 9983 7149 11756 3553 7092 7438 21281 10262 65 170 122 263 58 166 49 246 11622 4689 21354 3854 3989 2321 13242 4753 1451 34 25 16 7 30 46 24
"ENSG00000120279" 69 1 6 5 25 5 9 7 41 74 3 3 1 3 12 10 790 409 331 251 373 847 614 104 268 711 554 902 716 153 286 1859 1515 658 426 735 1946 1499 1331 694 864 2718 2064 2849 1440 1183 765 2839 2257 1460 558 1295 2162 1673 1983 1242 3423 8374 4599 1547 2149 2532 3112 3302
"ENSG00000128564" 923 2281 4781 792 10774 1518 8950 2697 667 18203 2214 13293 539 9847 2287 6984 58 177 81 34 764 53 643 349 96 175 52 1286 11 7011 12 834 165 113 148 224 524 150 617 567 79 31 11 44 15 29 15 48 2062 237 971 1781 494 42 881 358 423 45 15 17 24 22 21 22
"ENSG00000218180" 0 0 1 0 0 0 0 0 516 2073 433 250 652 576 1509 427 0 0 0 0 0 0 2 0 499 427 570 795 959 534 491 1473 0 0 0 0 0 0 0 0 544 438 511 477 674 387 341 638 0 0 0 1 0 0 0 0 433 482 309 147 266 209 248 295
"ENSG00000175906" 184 143 227 228 457 192 256 180 257 429 86 40 89 75 251 84 858 464 391 428 439 632 813 229 204 1736 687 2004 808 364 207 3885 4347 1986 1329 1641 6671 2199 3139 976 5092 10655 11593 5410 14073 7267 4856 12477 6030 3611 2461 3389 16251 6123 4569 1643 13927 47205 34025 6796 21336 23141 19021 22001
"ENSG00000228236" 0 0 0 0 0 0 0 0 583 2390 265 316 461 544 1152 447 0 0 0 0 0 0 0 0 420 339 409 631 708 455 421 1507 0 0 0 0 0 1 0 0 577 366 541 400 609 383 393 615 0 0 0 0 0 0 0 0 669 473 436 181 321 233 363 424
"ENSG00000152804" 57 1 17 8 279 9 9 9 115 149 11 7 20 16 42 13 289 237 136 61 511 358 278 70 130 316 696 995 530 131 221 997 3923 1845 868 1040 5597 4482 3198 916 1700 2034 3145 2477 2816 2053 1186 3192 3086 1659 1010 1851 5135 2868 3755 1031 2477 2778 4129 1263 1994 3620 2052 2491
"ENSG00000213452" 0 0 0 0 0 0 0 0 317 912 229 115 346 227 945 172 0 0 0 0 0 0 0 0 189 152 208 217 392 204 284 533 0 0 0 0 0 0 0 0 412 704 765 523 813 555 405 815 0 0 1 2 0 0 0 0 1184 1438 1078 415 605 590 591 961
"ENSG00000197635" 77 8 164 90 326 157 165 113 104 106 16 20 53 39 137 50 91 58 31 31 75 61 45 50 23 45 29 33 22 34 9 68 105 85 84 243 712 109 167 96 1071 1887 2798 1805 2797 2202 583 2911 185 75 105 170 693 109 123 32 5714 10021 5674 1982 4716 12083 3138 6279
"ENSG00000243709" 633 579 2748 667 2513 226 1767 636 1264 2040 173 606 300 887 452 414 5702 2908 2883 4578 3823 6537 5371 4487 5428 1678 5909 2079 3715 1064 3315 3117 72174 26882 21420 34087 49827 48392 45456 20911 27222 25260 38922 24525 42297 19823 28078 45181 60238 36925 16381 54505 76994 57016 56740 38657 21679 83012 74289 23038 43535 37075 74840 46106
"ENSG00000161970" 1603 2125 3240 4933 6633 2468 3921 2230 27 251 51 32 51 58 176 69 4516 2385 1922 3497 3899 4740 4393 2631 39 61 84 100 99 62 72 178 3299 1910 1705 3355 4369 1935 3421 2727 74 37 40 15 51 34 28 67 3714 1499 2114 4500 3195 2067 3153 2263 22 20 13 10 16 1107 13 10
"ENSG00000138650" 1733 37 284 76 415 83 119 109 322 1310 46 31 99 132 139 91 13516 9402 7221 5343 7728 9073 11520 4586 4230 6132 6507 7809 8135 3579 3097 31103 13856 7413 8262 11351 22413 8695 15138 9386 7813 6649 8436 4870 9880 11777 2205 17168 18031 8602 10764 8239 24170 6234 14225 6291 12357 10456 10089 2036 10200 21768 4813 12654
"ENSG00000233125" 0 0 0 0 0 0 0 0 128 1779 202 282 383 535 785 481 0 0 0 0 0 0 0 0 400 409 309 510 689 520 285 1520 0 0 0 0 0 0 0 0 715 384 276 204 800 509 234 762 0 0 0 0 0 0 0 0 695 1353 495 128 571 329 394 549
"ENSG00000170542" 793 11 1224 151 1573 175 675 495 244 164 12 22 16 91 50 48 7971 4332 3280 4970 7028 4215 3191 3571 701 2274 446 552 497 395 191 4001 13472 3961 4914 16165 23711 7180 3894 8439 7114 9757 7708 2106 6403 7541 1787 15020 9091 5524 2997 9182 14905 1921 2546 6047 9232 23273 13811 1580 7076 19272 6126 12505
"ENSG00000144476" 60 11 50 40 96 66 87 33 197 131 44 22 82 37 252 41 894 205 279 276 220 752 557 48 186 365 263 246 815 129 118 691 7934 1888 3303 2845 9159 12199 4762 748 1539 1573 2358 685 3285 1648 1017 1739 12104 5390 4973 5922 25916 15574 9574 1737 4085 7216 5242 976 3570 4860 2463 3300
"ENSG00000136630" 9 7 16 25 19 12 24 7 19 44 9 4 16 4 54 7 51 14 12 26 17 47 69 4 16 34 18 54 64 11 25 59 415 147 88 222 109 138 262 48 215 637 1072 369 1101 637 235 1630 1678 816 395 410 547 773 1352 227 3005 5256 3426 847 4077 4536 3287 3652
"ENSG00000253507" 213 572 334 504 230 127 227 461 53 3 0 1 2 0 5 2 757 353 169 219 76 359 407 185 11 1 0 3 3 1 2 3 3156 1316 516 1038 897 2746 1498 363 1 1 4 2 7 4 2 4 5445 2342 896 1801 1649 2236 2544 525 78 6 2 1 2 7 3 11
"ENSG00000136110" 3034 1598 4923 8197 5761 4822 4887 3732 5836 9286 2543 779 4351 1906 10682 2305 1061 766 449 1366 729 1079 989 1409 664 262 439 386 595 1385 451 1118 94 63 80 192 121 56 133 438 88 38 77 34 53 20 60 41 90 22 122 243 57 20 193 335 52 5 18 6 18 7 18 4
"ENSG00000225568" 0 0 0 0 0 0 0 0 742 1360 356 187 557 609 1417 497 0 0 0 0 0 0 1 0 471 451 570 469 811 571 525 1645 1 0 0 0 0 0 1 1 570 317 546 187 556 352 271 616 0 0 0 0 0 0 0 0 427 444 395 67 265 195 287 346
"ENSG00000164292" 485 58 291 124 1768 518 828 116 1093 962 344 206 382 360 1016 336 2766 1415 398 452 2742 1756 2086 255 1205 4405 4197 5378 4298 1402 915 10046 36245 12937 9254 10927 39749 29946 19581 6588 9345 15395 18724 15063 11839 11521 4222 19353 55307 30254 11832 16904 61077 32371 37288 18935 17007 33600 30053 7277 15517 22748 12351 16160
"ENSG00000251571" 0 0 0 0 0 0 0 0 771 1294 358 166 609 894 1366 583 0 0 0 0 0 0 0 0 450 371 416 261 545 771 289 1605 0 0 0 0 0 0 0 0 721 351 421 102 454 465 197 759 0 0 0 0 0 0 0 0 773 442 349 44 272 237 226 423
"ENSG00000244535" 0 0 1 0 0 0 0 0 669 1946 345 214 597 364 1669 349 0 0 0 0 0 0 0 0 373 291 460 590 967 328 545 1129 0 0 1 0 0 0 0 0 459 279 462 380 642 304 438 429 0 0 0 0 0 1 0 0 343 390 354 142 270 165 286 234
"ENSG00000125848" 136 8 114 43 157 60 69 86 267 436 39 12 231 60 343 26 1051 695 1014 916 2040 905 988 420 1083 4283 2425 3521 3307 1105 1014 11091 4148 2184 3295 4431 9044 3360 4776 3239 5885 5322 3733 3480 7453 8022 1867 12421 4705 2409 3377 2800 8122 3025 5834 2308 15254 9459 3924 1019 8079 15021 4171 11171
"ENSG00000225094" 0 0 2 0 4 1 1 1 888 1871 390 232 695 590 1975 485 2 0 0 2 0 0 2 0 428 332 514 469 825 512 474 1537 4 1 0 0 5 2 2 2 596 315 397 194 431 328 268 640 0 0 3 0 0 0 1 2 493 429 294 52 202 155 227 307
"ENSG00000074527" 21 4 157 13 55 19 21 37 67 28 6 3 18 24 55 11 191 93 37 47 167 123 104 43 31 73 107 77 262 39 25 80 1580 748 537 783 2174 2242 1324 586 530 1460 1971 1494 1454 985 435 1617 2799 1191 810 1304 2502 2019 1643 1107 1654 3600 3370 968 1912 3097 1839 2037
"ENSG00000213194" 0 0 0 0 4 1 0 0 515 1451 274 187 489 494 1280 385 0 0 0 1 0 0 1 1 305 223 394 405 782 430 495 1421 1 0 0 0 0 2 0 0 401 252 350 229 553 351 299 631 0 0 1 0 3 1 1 0 432 507 463 96 331 168 467 379
"ENSG00000164318" 30 3 20 18 147 21 28 20 57 167 6 1 20 14 23 10 181 113 92 107 582 201 359 79 632 1421 905 1327 1254 314 706 3712 522 173 231 224 964 257 611 271 3205 2678 2769 1904 3429 2315 1508 3070 405 158 194 359 357 437 257 256 1901 4265 3496 1441 2257 3814 1314 901
"ENSG00000140873" 5 0 11 7 13 3 4 7 27 15 5 1 2 8 11 2 46 14 17 41 24 21 30 13 15 5 7 6 14 4 3 7 887 157 311 812 559 1840 524 130 133 231 743 142 756 286 284 489 2407 989 683 2441 2084 1845 2714 391 492 674 2658 311 620 461 1110 434
"ENSG00000118137" 14 13 18 22 25 12 28 22 34 326 51 22 64 22 159 25 11 5 3 5 6 10 17 7 22 129 18 14 23 17 18 22 74 51 45 39 131 87 120 16 320 1469 654 645 559 341 307 990 157 154 126 106 462 455 407 137 2226 6313 4270 1639 1879 2582 2983 3260
"ENSG00000159167" 372 21 1827 317 1076 831 759 244 920 367 347 138 565 555 1763 451 196 111 115 122 257 191 191 106 127 255 68 51 150 468 88 666 7281 2602 5617 3050 10099 3609 4442 1137 1608 5580 1848 932 2082 3125 292 8067 12582 13215 7013 4338 31754 8606 9987 7320 19861 28599 3753 778 6553 21970 3192 16697
"ENSG00000118785" 931 2562 26899 4808 27190 2340 14932 16946 10631 211745 516 27250 1225 72260 1380 24212 233 334 1199 440 1846 449 1932 2624 4562 16002 379 14370 393 54260 248 31935 465 474 2038 2669 3598 591 2036 3868 12274 7994 1101 1992 2110 14160 360 3438 3435 613 6227 15833 2454 273 2326 3230 26123 1025 128 114 372 2106 257 190
"ENSG00000075388" 313 0 25 8 106 11 9 5 25 19 4 2 2 11 16 9 4693 1916 1956 2453 2052 3622 1675 2180 1271 819 871 291 840 246 630 1671 41 43 69 203 151 46 226 203 224 17 16 5 8 30 11 24 9 3 15 11 13 12 45 10 54 1 6 1 4 0 0 2
"ENSG00000142541" 8292 19917 12529 16454 20737 10094 11661 7060 263 1179 199 101 356 181 882 189 19787 10904 7770 11755 14805 20927 17612 10861 249 188 307 328 545 184 362 746 14645 7956 6046 11588 15531 6473 13421 10118 269 213 335 223 439 165 255 358 13419 5516 5903 13061 11896 8558 13614 9958 246 296 224 96 185 3873 221 191
"ENSG00000245382" 22 0 2 2 12 3 4 0 33 21 3 2 2 2 3 1 233 111 93 152 240 207 194 63 62 242 205 288 230 52 57 411 1269 380 249 671 1089 5047 844 843 371 1076 1286 803 921 578 471 851 1404 553 364 1450 1529 818 942 1167 533 2011 2619 1092 1257 880 2447 1005
"ENSG00000124839" 159 49 1646 679 86 163 381 729 83 44 6 6 2 6 9 6 236 294 564 459 36 129 302 370 23 82 22 84 17 16 10 156 3572 1653 2891 4544 783 4048 1120 1606 141 1134 872 1102 430 204 253 1316 4257 2429 3155 6872 1353 2170 1036 3478 633 3078 1559 612 809 659 1473 967
"ENSG00000184261" 154 17 121 114 126 85 84 60 123 176 38 10 81 49 175 34 2413 549 453 343 630 1295 518 183 501 538 945 867 1751 232 719 2269 6180 1757 1366 1491 4313 1093 2409 1020 2748 3647 3723 3532 5095 2169 2097 5111 6570 3374 1701 2135 8011 4511 4422 3062 3587 14392 7953 3423 5031 5816 5826 4564
"ENSG00000226082" 0 0 0 0 0 0 0 0 284 1696 265 155 486 314 1220 359 1 1 0 0 0 0 0 0 323 253 403 429 695 284 418 953 0 0 0 1 0 0 0 0 372 295 388 308 529 207 309 456 0 0 0 0 0 0 0 0 313 423 292 111 228 144 246 265
"ENSG00000090530" 2002 232 1135 594 1709 901 902 587 685 952 97 115 183 428 381 163 17351 8536 1933 5089 11932 7686 8076 1259 3739 7167 7773 12235 13318 3183 3933 19331 35876 18073 11475 18016 69069 11529 15540 6142 15965 16561 20315 21057 18899 17460 5509 21041 46871 22534 15503 17489 67038 20121 15967 8875 30947 49859 38742 14040 25207 37512 15406 19260
"ENSG00000242439" 2 0 1 1 7 4 0 2 234 2343 281 165 501 297 1362 443 5 0 0 0 5 3 10 1 272 285 333 526 836 269 476 1118 0 0 0 3 4 7 1 2 359 270 409 258 544 229 374 487 2 0 0 1 3 4 1 0 280 382 268 146 262 124 333 271
"ENSG00000253144" 59 31 74 67 115 0 0 44 1304 2985 836 358 1285 1102 3050 858 104 55 36 57 88 0 1 47 1044 667 933 1111 1643 1002 904 2638 83 60 42 38 139 6 2 58 1190 653 782 816 1065 668 598 1183 118 53 49 113 99 2 2 59 961 1276 806 321 634 386 760 667
"ENSG00000090920" 32 45 25 60 21 17 19 21 399 1429 702 287 1427 506 2646 384 22 6 8 11 8 19 15 11 573 393 724 985 1264 550 764 1076 6 8 5 11 4 14 9 5 417 352 415 473 844 321 404 499 23 1 6 32 3 5 15 10 361 386 386 168 507 270 479 186
"ENSG00000128683" 435 7 27 18 53 33 26 13 46 1181 11 6 39 27 95 33 5183 2388 1973 3001 4042 4637 4762 1629 3780 1716 3858 3861 6524 802 3886 7652 898 330 630 1267 900 4524 1090 604 926 110 167 83 672 241 621 256 540 175 680 806 380 230 529 122 556 75 55 23 177 77 240 38
"ENSG00000228196" 0 0 1 0 0 0 0 0 672 1747 335 162 586 447 1273 291 1 0 0 0 0 0 1 1 307 370 428 448 669 380 340 1118 0 0 0 0 0 1 0 0 427 202 307 196 362 231 165 288 0 0 0 0 0 0 0 0 310 305 272 64 160 88 141 153
"ENSG00000122026" 7843 8384 12567 15093 20170 10086 12389 7800 382 1167 255 108 427 322 1110 289 19170 10532 7335 11721 14973 18312 16804 9583 294 248 400 499 737 286 431 1119 14524 7841 6223 11263 16081 7470 14648 10610 311 158 291 153 400 224 260 435 14097 5686 5702 12426 12263 7702 13042 8595 204 200 166 59 158 4515 141 164
"ENSG00000239323" 0 0 1 0 0 0 0 0 509 1393 242 174 346 289 1281 269 0 0 0 0 0 0 0 0 207 220 314 442 618 276 429 922 0 0 0 0 0 0 0 0 297 236 355 353 454 218 341 350 0 0 0 0 0 0 0 0 233 339 288 122 179 114 251 220
"ENSG00000091879" 21 12 26 28 27 16 31 9 57 22 4 8 7 5 20 2 56 26 32 26 95 48 68 12 7 61 52 99 57 24 14 148 1309 591 708 364 2709 1247 1849 378 148 376 533 578 435 402 282 583 1857 1094 1069 1366 3352 3652 3378 848 368 804 1596 354 527 315 1433 590
"ENSG00000146352" 23 0 31 16 25 38 23 23 29 81 11 4 31 25 72 13 45 30 10 16 14 24 30 21 19 100 22 39 42 27 11 92 700 251 311 430 882 799 679 245 1349 1226 1214 641 1144 1254 373 2002 632 329 184 364 529 773 764 318 2188 1957 1645 307 1116 2293 850 1439
"ENSG00000137872" 89 8 370 144 66 274 228 20 2082 199 725 19 1192 167 2771 139 112 63 75 93 119 142 224 46 136 190 176 130 179 133 111 229 3796 1531 1256 1967 3036 4073 2913 1114 2670 2435 3715 2039 2986 2197 1001 3953 3027 1639 871 1478 1802 2753 4238 1140 6462 8088 5723 885 4727 3920 3471 2761
"ENSG00000039068" 2106 11 5636 1539 13742 4093 3425 3595 3203 3296 664 227 1385 3395 2014 1844 5052 4146 3424 4023 11779 3175 3102 5183 1304 813 209 175 134 2594 129 1935 1687 531 1807 2830 3649 415 640 3845 874 263 50 24 34 130 30 97 1774 532 2433 3838 1671 74 238 2459 714 183 39 3 17 22 27 16
"ENSG00000204262" 2334 372 6277 521 13736 1731 7213 1404 1004 607 160 311 395 959 447 271 8571 10124 8090 2616 18505 6316 18499 3954 509 976 783 2204 978 1145 217 2273 52584 33039 27517 19897 79781 28815 54770 15459 574 3608 4304 6949 1652 3314 506 2584 131129 65025 49761 42020 128077 38245 87772 16196 3036 3704 5334 2624 2303 8275 1398 1822
"ENSG00000164946" 383 27 164 113 216 113 140 60 206 110 76 23 145 89 197 44 3095 1819 1041 1231 2039 1772 1552 606 193 512 169 227 537 139 139 506 14774 5114 3884 10019 9685 12521 7220 4696 1694 2765 2992 1117 5153 1621 1762 2154 9885 5424 2529 8686 9099 9131 9443 4170 2008 4452 2845 590 3104 2770 2379 2045
"ENSG00000225347" 0 0 0 0 0 0 0 0 374 1383 262 160 385 315 966 231 0 0 0 1 0 0 0 1 259 280 286 513 580 308 319 854 0 0 0 0 0 0 0 0 323 280 274 305 409 240 210 370 0 0 1 1 0 1 0 0 245 323 214 100 134 124 174 181
"ENSG00000169218" 695 27 900 711 726 733 768 423 51 7 45 2 128 7 239 8 1281 868 463 942 963 1327 1158 703 63 2 39 0 243 6 76 6 1490 522 497 1000 1249 439 770 840 33 0 13 0 124 0 44 1 4252 739 583 2828 1021 1135 1007 851 51 1 18 0 57 3 16 0
"ENSG00000108753" 5 2 13 8 19 9 14 7 9 54 7 4 5 6 20 9 3 5 6 2 7 2 4 6 4 17 6 5 5 4 4 8 175 85 60 96 231 128 98 135 589 857 775 579 562 410 245 922 408 224 140 149 379 250 123 296 890 1184 1167 474 702 1286 641 852
"ENSG00000108950" 5 0 19 11 98 16 92 46 17 5 3 0 4 1 4 3 43 21 61 66 30 45 52 23 5 9 7 11 4 1 6 15 916 354 653 463 1751 2960 1256 630 40 117 87 202 27 30 26 75 1997 1007 939 1668 2207 2330 3005 1774 250 581 259 133 160 264 221 128
"ENSG00000179046" 419 654 2183 1642 4445 626 1814 2325 540 3721 341 791 470 1453 506 836 80 53 182 180 214 53 168 465 52 28 14 56 9 1009 6 47 287 140 621 742 502 906 287 903 56 6 8 1 61 10 22 4 1505 192 1472 3499 516 49 439 783 215 5 6 2 29 10 16 1
"ENSG00000149201" 10 1 14 5 31 11 24 4 63 85 21 9 32 19 87 20 66 21 21 18 49 43 45 9 52 67 94 111 141 31 30 130 1112 319 238 326 759 1844 555 153 364 503 916 710 811 319 323 478 1866 958 458 924 1711 1525 1382 822 807 1541 2239 893 1201 1176 1314 1015
"ENSG00000243444" 23 7 101 43 62 42 54 47 858 1793 615 258 879 664 2141 511 38 15 27 31 20 31 32 30 593 401 589 757 942 566 608 1472 23 11 15 39 26 54 28 23 618 536 624 623 897 513 494 841 51 14 22 43 34 19 43 21 1035 1200 946 359 716 348 867 600
"ENSG00000112183" 7 2 21 4 49 16 26 9 48 41 25 3 41 10 120 11 54 25 32 18 28 29 32 14 25 58 26 70 43 10 27 125 738 260 213 243 1048 300 238 119 280 585 597 474 629 328 202 780 2145 1012 632 597 2561 1272 997 498 1225 3567 1225 429 1207 1545 1062 1325
"ENSG00000106153" 2222 2466 2919 3345 5776 2805 3553 1110 594 1949 207 165 794 583 7 1 5145 2726 1584 2468 4108 5413 4723 1384 592 376 286 424 1242 584 3 3 4110 1875 1347 2700 3905 1571 3600 1226 564 286 278 192 1028 401 1 1 3026 1461 1204 2339 3169 2136 3230 838 372 331 148 51 337 696 1 3
"ENSG00000248329" 813 300 3094 2357 1973 1497 2700 1962 3097 3661 476 308 1316 1730 2933 931 31 33 41 48 24 69 141 168 85 12 15 9 27 1125 23 59 514 226 237 410 189 556 379 750 135 8 21 11 38 23 30 13 1918 530 468 1807 329 35 714 1290 206 5 38 5 70 19 139 8
"ENSG00000155657" 233 27 1793 419 477 325 330 419 154 11 10 2 10 5 24 3 437 317 372 492 384 229 213 326 23 5 7 5 4 7 11 18 611 163 1332 691 1034 1271 338 429 6 14 30 17 13 15 3 22 4620 1940 3253 3101 4814 2937 2181 1050 267 281 233 62 60 69 87 98
"ENSG00000184254" 60 37 363 187 1867 70 264 840 124 119 4 9 20 52 39 29 162 185 160 191 1366 176 269 876 28 12 8 15 20 40 14 47 1944 1088 597 1476 4114 768 647 1775 17 12 22 15 32 15 13 44 3028 1376 957 2309 5119 829 625 2045 53 5 3 0 4 5 17 3
"ENSG00000182580" 98 3 28 12 307 23 67 14 75 116 14 16 52 22 73 13 586 441 289 256 1817 789 1476 146 98 317 266 1003 490 145 196 1469 3555 1273 1238 1746 6001 2545 4572 1143 697 700 987 785 1337 1019 476 1421 4707 1615 1307 1974 5791 4648 4719 885 1684 1665 2591 703 1719 2155 1504 1200
"ENSG00000164483" 52 16 58 64 64 61 60 49 32 86 4 2 8 7 24 5 177 154 71 93 85 163 165 146 12 34 33 99 85 18 42 113 1941 704 267 1106 824 1928 1188 809 255 429 1614 750 2289 629 795 858 2155 911 468 1356 1028 1047 2181 877 686 816 1984 500 2032 1796 1710 981
"ENSG00000149557" 687 197 1051 809 2090 1752 1453 259 235 28 207 13 684 39 1358 28 382 199 109 104 678 333 441 105 38 1 17 9 152 30 41 13 3330 1918 867 1014 5917 1148 2687 1098 20 11 46 11 125 15 16 13 2943 2108 1181 721 3427 2047 4256 704 81 16 41 10 129 52 32 8
"ENSG00000189223" 468 136 4 322 589 5 9 999 7 3 1 0 1 5 3 0 1189 571 3 397 358 11 17 949 2 1 0 1 0 5 0 2 834 397 3 397 565 19 12 1154 0 1 0 0 2 1 0 1 1193 443 9 416 643 6 5 804 2 1 0 0 0 5 0 1
"ENSG00000213729" 0 0 0 0 0 0 0 0 259 1069 201 134 351 208 967 223 0 0 0 0 0 0 0 0 227 167 248 373 559 206 299 645 0 0 0 0 0 0 0 0 248 176 295 317 474 208 259 379 2 0 0 0 0 0 0 0 209 263 268 129 214 72 219 159
"ENSG00000237996" 4 19 38 859 1144 12 7 3 141 198 2273 6 13 3 34 41 8 1 1 1 3 7 3 3 0 1 1 6 3 3 2 4 2 0 3 44 83 6 4 5 7 37 178 2 4 5 5 3 13 1561 2481 8 5 2 10 4 7112 19 9 3 5 6 9 3835
"ENSG00000167553" 8524 1490 19375 13346 25021 11473 16771 9820 358 1468 281 200 424 760 824 425 23693 13902 10936 14935 20988 22665 22781 12318 463 485 410 309 621 705 302 1274 19607 9941 11529 18217 28117 7588 22006 15501 769 645 457 135 653 654 251 922 15074 7680 10162 15697 20055 9611 19096 11886 780 876 355 58 314 7179 263 504
"ENSG00000183671" 41 12 90 65 83 83 91 25 711 1727 532 252 826 575 1836 525 36 13 16 28 18 25 30 15 534 391 526 754 939 533 582 1377 26 6 12 23 25 46 25 25 495 512 561 598 793 460 446 768 56 16 23 36 25 24 43 16 829 1003 771 359 705 310 749 515
"ENSG00000258498" 4 0 2 0 4 3 1 1 11 5 1 1 6 0 10 1 23 23 15 8 44 9 31 5 7 6 18 15 31 5 14 37 392 174 160 159 578 3036 422 173 87 155 157 237 206 168 102 442 1483 391 371 678 1604 835 614 429 441 500 713 315 582 536 938 433
"ENSG00000213867" 0 0 0 0 0 0 0 0 292 826 234 131 375 261 865 234 0 0 0 1 0 0 0 0 212 177 318 356 553 221 338 690 0 0 0 0 0 0 0 0 260 146 292 254 382 221 244 302 1 0 0 0 0 0 0 0 221 200 196 103 184 73 219 186
"ENSG00000239809" 0 0 1 1 2 1 3 0 395 977 205 166 376 272 750 187 0 0 2 1 1 0 1 1 238 140 275 317 537 233 327 570 0 0 0 1 0 1 0 0 280 189 289 343 381 156 254 279 1 1 1 0 0 0 2 1 249 257 229 114 196 149 204 167
"ENSG00000164093" 417 5 137 11 1142 16 78 10 118 435 18 81 55 239 98 62 4917 2355 1849 2128 4070 4149 4170 816 1899 1877 2507 3437 3857 745 2057 6492 3395 1114 1706 2038 3522 7362 2900 787 1907 1536 2532 1484 2535 792 1363 1695 2651 1170 1329 3040 3516 2602 2958 906 1954 4286 3855 1235 2587 2477 2375 2119
"ENSG00000131969" 16 6 67 13 204 12 25 27 875 10612 323 505 271 1162 667 875 91 59 79 75 219 88 93 100 1484 1731 1008 2308 846 1218 820 4249 26 14 37 96 181 17 22 62 1457 483 208 393 247 343 258 334 20 6 77 92 142 12 13 51 1230 119 90 36 89 61 170 44
"ENSG00000169297" 9 1 5 8 6 4 2 10 28 74 5 2 6 9 9 7 129 75 43 23 32 50 65 26 15 222 42 394 44 40 30 348 2021 770 349 1020 629 508 306 429 131 583 237 468 468 255 178 701 2562 1405 573 1618 993 999 614 1319 191 1078 275 170 924 718 522 495
"ENSG00000174080" 4 1 86 5 17 37 41 96 728 1402 585 168 1035 425 2395 364 16 7 22 5 5 39 53 93 484 209 448 450 801 394 456 833 172 63 40 36 185 753 265 155 534 821 1398 978 1175 506 768 918 97 36 16 96 113 153 234 200 678 1506 1556 460 1107 976 1573 718
"ENSG00000219758" 0 0 0 0 0 0 0 0 232 1284 173 102 392 242 1046 308 0 0 0 0 0 0 0 0 177 216 243 351 575 232 336 815 0 0 0 0 0 0 0 0 234 196 268 149 366 181 255 347 0 0 0 0 0 0 0 0 170 252 187 89 143 86 181 177
"ENSG00000115461" 40 10 146 19 48 178 750 27 159 26 92 9 257 39 400 32 17 5 7 0 11 70 512 1 11 8 4 2 29 30 15 8 388 111 164 100 397 402 508 19 56 143 415 115 627 36 280 40 8604 3258 1239 798 3125 757 2007 140 487 1555 896 85 1036 1365 692 365
"ENSG00000132259" 2 0 3 5 12 5 4 3 26 22 15 8 23 10 50 17 16 8 7 7 3 17 7 3 17 26 36 22 67 21 20 82 737 139 182 374 262 868 558 171 303 635 804 341 856 475 331 1063 707 330 191 400 376 690 963 395 650 858 866 126 745 650 778 554
"ENSG00000113532" 60 23 87 46 146 61 112 24 19 7 3 1 3 5 13 3 401 234 130 167 288 306 499 76 16 28 27 26 47 20 15 125 1641 676 662 812 3596 662 1344 350 194 228 250 89 179 327 47 430 3767 1994 1371 1655 9948 2616 2633 676 972 1011 982 104 365 1225 275 993
"ENSG00000173673" 510 14 522 878 2933 848 486 383 401 1352 641 109 1243 301 2248 488 5 3 0 2 11 7 15 8 2 1 2 4 7 219 15 9 0 0 3 4 8 3 15 10 14 1 3 1 18 0 8 1 1 1 2 11 2 0 18 8 9 0 4 0 3 3 2 2
"ENSG00000139292" 13 2 15 13 43 7 22 5 16 32 3 0 10 0 9 3 98 48 107 40 69 67 150 8 13 290 18 96 29 5 4 240 784 229 950 453 915 2169 946 104 236 440 100 58 116 159 65 360 1783 831 1298 1213 2815 1943 1643 257 622 1013 676 89 223 628 262 488
"ENSG00000225712" 0 0 0 0 0 0 0 0 361 1024 250 117 435 197 1061 259 0 0 0 0 0 0 0 0 212 115 280 235 527 171 323 585 0 0 0 0 0 0 1 0 265 160 316 182 333 136 209 267 0 0 0 0 0 0 0 0 166 243 260 79 152 63 210 171
"ENSG00000053438" 21 0 392 12 5225 802 817 705 299 288 14 7 28 27 2129 157 14 13 149 13 2168 762 1153 1006 75 64 13 3 16 28 248 236 7 4 165 22 2778 653 1529 1206 121 388 7 4 11 18 454 517 16 10 119 30 2654 693 2164 856 149 304 28 4 23 38 529 239
"ENSG00000022556" 907 985 35 1585 1 1 4 4 11 9 1 0 1 1 5 1 1681 1002 14 1067 7 8 8 4 7 4 14 4 11 1 7 3 1159 538 9 875 8 81 10 17 9 12 7 41 20 5 9 9 1761 624 17 1672 16 31 16 39 9 27 14 13 15 7 43 9
"ENSG00000136842" 3 2 7 9 31 10 10 13 10 3 5 1 5 1 10 1 32 12 19 11 25 33 42 12 9 10 4 7 19 5 7 17 736 219 542 998 3186 715 1370 645 29 92 25 13 28 25 17 44 876 565 626 1208 7599 1429 1933 555 77 34 16 5 7 16 5 13
"ENSG00000145864" 676 6 27 9 129 39 84 9 217 61 67 9 218 80 360 40 4688 3621 1418 2497 4262 4338 6132 1527 99 62 126 167 241 95 126 302 510 242 286 1211 950 935 2879 837 31 7 15 10 45 13 27 12 303 157 242 371 447 443 2450 98 37 13 12 5 31 25 8 9
"ENSG00000141052" 30 5 813 40 420 73 235 284 81 9 2 3 8 14 14 5 32 15 28 13 27 28 30 25 7 8 3 2 3 10 3 18 189 72 341 384 598 204 314 268 37 77 194 39 387 252 36 299 1970 772 708 842 1910 877 1113 565 946 934 876 78 1536 2145 459 1292
"ENSG00000196116" 93 25 189 68 336 46 97 115 196 190 31 31 49 68 77 16 319 242 170 126 708 220 369 234 87 223 85 127 196 117 40 234 4042 1394 1898 2258 6405 4250 4389 2307 859 1536 1125 557 1394 954 437 1506 4802 2093 2279 2713 11389 6442 5444 2338 1788 2834 1614 382 917 1576 987 1587
"ENSG00000184860" 0 2 5 9 3 2 2 563 421 1246 249 120 401 452 1061 330 2 1 0 4 2 6 4 442 180 140 195 172 356 352 199 584 1 1 1 3 0 2 5 473 254 152 234 145 307 199 140 305 0 1 0 3 0 0 1 290 237 263 257 88 196 297 168 229
"ENSG00000234044" 0 0 0 0 0 0 0 0 466 957 232 99 357 237 984 183 0 0 0 0 0 0 0 0 188 131 258 294 502 212 273 660 0 0 0 0 0 0 0 0 280 180 253 146 355 186 216 264 0 0 0 0 0 0 0 0 231 152 174 80 137 76 167 144
"ENSG00000255977" 0 0 0 0 0 1 0 0 211 900 130 103 237 226 614 219 0 0 0 0 0 0 0 0 207 153 222 274 408 219 229 642 0 0 0 0 0 2 0 0 271 164 313 230 345 200 159 319 0 2 0 0 0 0 0 0 337 273 272 92 208 129 146 226
"ENSG00000115085" 1 0 1 6 5 3 2 2 13 11 6 1 15 2 15 3 7 4 8 2 14 10 28 3 9 32 23 41 11 8 2 47 580 194 250 344 664 2005 691 94 131 358 819 373 673 325 285 591 324 127 198 381 547 233 558 99 203 274 644 209 479 303 573 306
"ENSG00000116729" 439 12 112 53 107 108 387 51 124 1843 73 88 101 140 263 104 4247 2240 2442 2775 2833 4930 9726 2010 1846 2624 1573 2767 2185 610 1705 9618 1965 906 1864 1295 3054 1244 5518 613 2282 2651 3292 1729 3021 2181 1444 4744 5584 2722 2653 2069 6761 5065 9109 603 6157 6528 4963 1006 5412 11353 3374 6145
"ENSG00000242163" 0 0 1 0 0 0 1 0 397 994 164 107 346 220 805 197 2 0 0 0 0 0 0 0 184 134 249 298 547 204 279 693 0 0 0 1 1 0 0 0 232 150 228 210 377 181 243 267 0 0 0 0 0 1 0 0 177 165 180 76 178 77 160 151
"ENSG00000171724" 1247 259 1973 1340 687 2629 2146 2151 6848 11014 5612 1429 7863 5717 22935 5642 772 498 813 1351 417 1295 1063 1488 1334 176 1412 524 1537 4106 2475 2174 295 110 462 932 254 410 620 1113 1179 51 127 14 529 63 412 62 796 123 863 1623 290 85 950 884 990 17 288 8 302 38 335 14
"ENSG00000168314" 6 2 20 6 18 9 7 17 9 2 0 0 2 3 2 3 30 8 6 11 12 13 13 10 2 5 3 1 2 2 2 10 1020 234 241 556 2182 1635 601 328 17 5 11 2 6 5 25 21 989 539 345 986 3750 984 1040 460 34 1 0 1 0 4 1 4
"ENSG00000236238" 0 0 0 0 0 1 1 0 194 1202 183 109 286 227 645 202 0 0 0 0 0 0 0 0 156 166 228 282 409 198 327 546 0 0 0 0 0 0 0 0 196 244 211 210 288 176 221 228 2 0 0 1 0 0 0 1 184 296 198 113 156 115 192 164
"ENSG00000050767" 49 2 105 57 210 68 72 165 14 12 7 2 7 2 25 1 114 55 27 35 139 47 52 58 2 3 1 5 3 5 4 7 971 231 294 320 1079 2399 481 235 131 418 374 232 221 224 101 409 2163 895 479 811 1935 883 774 736 362 927 724 263 341 877 557 347
"ENSG00000180730" 267 52 503 591 323 372 251 246 1344 783 772 78 1481 485 2980 356 204 152 78 70 378 155 215 75 174 595 946 1232 1067 551 262 1407 4762 1675 1460 3176 9387 4578 3314 1699 3341 2945 5886 3665 7336 4225 3067 5426 5334 3101 2080 5288 12153 3620 5963 4226 4489 8936 8843 2131 5885 5233 5592 3891
"ENSG00000124143" 31 1 20 8 20 17 43 54 27 129 17 19 9 30 35 25 164 141 97 54 63 78 208 264 61 288 79 408 50 60 71 690 2534 553 801 1707 787 4368 765 1565 329 603 539 510 695 395 386 744 3127 1303 1455 2676 924 473 591 2061 489 1258 573 263 789 549 1093 383
"ENSG00000234983" 21 0 64 19 31 34 29 11 603 1606 347 211 584 497 1445 319 36 11 7 23 9 50 15 12 355 295 439 484 744 418 435 1105 4 4 12 13 26 27 12 11 409 261 307 295 387 298 226 447 42 3 4 22 29 12 23 5 395 425 336 120 227 205 208 278
"ENSG00000228554" 2 0 5 0 7 1 5 4 95 324 42 10 235 156 2518 935 3 1 0 1 7 3 0 1 221 140 128 41 443 157 1638 5215 4 1 1 4 3 10 3 1 101 43 44 5 106 75 470 1011 19 0 2 17 4 4 7 5 59 48 28 3 27 28 297 273
"ENSG00000138795" 131 1 28 27 62 46 23 7 67 388 11 4 51 24 122 20 1137 608 547 925 681 1198 1675 696 1128 888 529 1021 1711 294 871 3203 8 5 28 33 22 32 82 34 190 15 43 10 244 29 72 26 8 3 19 7 4 28 56 1 117 17 21 5 84 9 48 2
"ENSG00000232301" 299 777 1816 2170 1371 452 496 2026 332 1863 0 3 97 94 207 7 69 65 111 149 103 78 90 333 25 2 0 1 8 57 7 3 92 62 159 295 108 117 94 1088 18 2 1 2 10 2 2 0 186 63 318 924 75 8 109 692 42 1 0 0 6 0 7 4
"ENSG00000013293" 129 1 51 21 30 7 24 34 18 8 4 1 4 4 10 1 727 621 208 387 339 308 581 372 13 4 5 8 15 5 8 26 800 296 216 692 819 135 376 474 10 0 3 1 9 1 10 3 2595 1218 337 956 1356 239 494 585 34 0 2 0 0 6 2 2
"ENSG00000139263" 792 35 492 226 845 392 611 294 704 1093 185 94 413 374 798 213 5056 3234 1767 1888 4751 3214 4112 2071 1652 2372 2180 2272 3152 1054 1404 6805 13166 4956 4941 6671 15194 9315 9812 4332 4673 6298 7976 4578 6456 5882 2596 8421 34978 16048 9759 11299 32865 14623 18003 5432 14364 24210 16631 4264 10652 17053 11103 11835
"ENSG00000115414" 1942 338 9349 1821 11452 4939 8195 2971 2377 7654 775 468 1430 1711 2922 1477 3976 5241 6073 5482 12189 7949 19116 7931 3175 5974 2076 3324 1626 2470 1688 17008 15571 4894 21957 18411 44295 17021 25893 9504 17013 44156 45118 15203 35643 31940 8497 47299 20932 12054 35863 28691 58870 26524 54375 15509 136050 178485 88967 15210 95898 204359 84705 99331
"ENSG00000226673" 25 4 2711 72 200 19 48 852 181 78 2 2 2 6 13 3 118 59 1244 169 177 83 159 760 79 61 2 8 7 4 13 10 124 29 1530 403 168 367 103 1298 21 28 4 4 6 1 3 4 192 34 3898 2339 182 38 157 1175 296 87 9 10 3 4 4 4
"ENSG00000164741" 59 3 93 11 67 27 39 36 33 63 2 3 10 24 15 8 423 294 228 344 361 429 813 155 100 609 207 269 399 178 115 1874 1689 790 757 1353 2669 1375 1684 728 1166 966 726 392 764 950 250 1980 1754 800 579 1184 2074 1609 1885 821 1472 1533 974 131 709 1501 549 1235
"ENSG00000106631" 52 137 309 92 81 46 109 71 52 313 43 86 20 56 109 80 598 211 216 160 93 418 306 37 101 99 20 101 33 53 23 643 1697 682 1443 1072 1665 1916 812 300 343 294 109 99 604 382 68 912 6151 1626 2800 2636 13460 4831 1275 1016 2095 2217 601 149 2321 3378 1254 3220
"ENSG00000198692" 0 0 472 0 836 356 506 1 87 108 284 160 40 27 1131 269 1 0 307 0 540 692 604 1 35 19 407 389 54 22 328 884 1 1 238 1 606 341 444 0 26 13 546 296 29 23 254 346 1 0 239 0 558 384 501 0 51 16 472 152 4 8 247 314
"ENSG00000235701" 5 0 3 9 8 6 8 4 347 620 180 120 352 286 845 195 16 6 2 3 13 10 15 3 256 207 283 326 441 259 255 704 12 1 6 5 0 10 10 3 311 231 267 228 313 208 168 393 9 0 7 4 7 7 13 0 301 433 278 91 201 128 157 203
"ENSG00000139044" 331 6 311 180 564 277 260 463 104 107 22 11 49 82 86 35 1904 1358 964 1432 2082 1968 1875 1501 57 51 22 25 20 64 22 88 1062 544 771 1928 2214 1620 1330 1523 92 65 20 14 34 36 20 37 1452 707 853 1833 2556 1186 1510 1281 106 64 7 4 18 76 15 32
"ENSG00000142156" 4515 340 4686 2412 15074 2623 3261 3258 665 791 123 244 324 788 580 654 34406 18614 13735 19736 39169 31422 31456 18504 1735 3511 2001 6170 4606 2137 1830 14584 34604 12151 16628 26915 36644 94681 33185 25888 2082 2183 1087 1942 2501 2390 1274 3465 49899 20695 20187 42639 32317 19895 28559 26716 1550 1673 493 455 906 1463 1091 711
"ENSG00000181449" 7028 2175 16520 12600 18839 11791 14668 7190 10038 19462 5212 2041 10883 6124 26369 5787 2813 1568 1392 2020 1989 3624 3382 2936 1739 329 910 226 4556 4333 2689 2046 1686 900 1108 3339 2961 2680 4156 5186 1550 111 453 58 1679 91 1027 117 3837 677 2332 7491 1967 336 4714 3366 1739 43 426 21 920 114 980 53
"ENSG00000129514" 5 0 4 4 126 3 5 1 20 34 3 3 10 7 26 10 52 11 15 14 88 50 11 5 86 87 284 172 303 48 218 342 219 43 57 45 416 525 210 15 576 471 503 270 814 442 375 466 503 267 137 119 498 582 706 50 933 1011 946 202 587 641 624 408
"ENSG00000240225" 507 32 816 497 519 1 3 552 90 97 3 2 152 118 11 3 1526 876 501 841 419 4 3 764 57 21 5 3 219 117 3 9 898 439 341 732 630 7 1 732 28 48 10 5 163 121 9 6 1018 398 347 857 522 5 1 461 59 41 6 5 77 103 6 6
"ENSG00000092758" 920 165 4882 1763 6843 1282 1238 2592 254 641 180 126 146 167 427 190 1873 582 1652 1020 2764 1335 1016 1783 183 181 95 160 201 150 63 311 4304 1474 4239 3825 7191 10946 1865 2833 138 233 160 139 220 94 81 250 11488 3207 8145 12582 17730 5098 2255 6072 275 111 63 45 45 157 78 91
"ENSG00000234684" 9 2 28 7 29 21 27 10 297 702 326 125 484 392 980 270 27 10 21 14 7 41 32 3 288 245 356 368 575 341 335 948 38 20 22 28 42 68 50 16 493 398 561 383 607 411 290 675 50 23 23 31 39 38 72 15 539 851 646 218 399 595 397 454
"ENSG00000167785" 199 2 603 192 826 194 256 12 50 10 3 0 7 2 1 0 618 341 227 332 473 247 209 7 21 3 1 0 6 3 0 1 789 267 314 463 836 1391 246 9 12 4 1 0 3 1 0 1 1105 362 335 1024 884 233 222 11 34 8 0 0 2 3 2 2
"ENSG00000166426" 2067 2016 2805 3536 14646 4572 7311 1869 423 1973 136 91 987 1019 3235 1017 2737 1288 1244 1688 5913 4771 5074 2166 215 137 127 155 413 798 618 1300 1629 750 1304 1426 3968 1494 5229 2478 120 83 60 42 116 93 263 170 1494 417 922 1160 1113 1024 8057 1901 92 19 31 7 35 22 212 21
"ENSG00000120875" 148 38 321 119 466 152 264 155 157 335 93 41 142 127 357 125 415 311 136 110 452 223 438 247 70 110 40 92 106 123 38 224 3946 1471 1378 2355 7642 1160 2810 1564 960 1863 1833 692 1927 1559 437 3084 5566 3639 2020 2473 12928 3563 4450 3326 2509 3723 2519 442 2034 3441 1330 2610
"ENSG00000213449" 0 0 0 0 0 0 0 0 311 892 192 143 338 208 780 163 1 0 0 0 0 0 0 0 194 126 168 279 394 191 232 523 0 0 0 0 0 0 0 0 218 107 198 200 324 145 150 215 0 0 0 0 0 0 0 0 151 160 124 78 118 54 129 98
"ENSG00000111799" 386 184 4196 309 2211 864 1758 2994 256 38 18 32 40 285 86 57 59 75 92 31 138 94 197 274 12 6 1 5 2 196 2 39 201 71 172 373 288 269 177 408 7 4 2 1 6 4 3 12 1495 178 385 1486 198 39 174 464 58 3 0 0 15 7 9 5
"ENSG00000145423" 6991 2802 7102 8659 17631 9054 10223 5472 13490 37580 11909 5537 22157 10615 44068 8283 9152 5963 2992 5176 8350 8797 10144 7940 5932 1977 5269 6033 11431 8206 9297 11213 1676 721 927 2400 1646 1142 3799 3676 3691 251 1186 454 4681 418 3017 558 3090 534 1834 5535 959 398 6267 2658 2888 49 780 38 1533 93 1294 38
"ENSG00000185559" 26 2 60 44 210 49 49 57 288 146 129 8 1101 33 741 18 34 9 34 28 65 68 35 32 692 9 74 14 1012 26 154 27 79 41 29 69 239 60 74 28 1033 42 550 63 4486 44 716 42 233 151 76 127 577 272 188 88 2422 248 1248 75 5326 70 2296 30
"ENSG00000156574" 3322 275 2212 414 4190 348 1045 405 633 10267 72 394 103 858 220 666 35008 18446 15004 17941 31091 33235 27767 13740 11924 8248 12293 13638 17712 4402 10046 34345 23786 10521 12083 15007 24293 11679 16499 9994 9523 5640 7741 4764 8977 4774 3968 6369 17992 10596 11848 14706 28540 16819 16147 9820 6737 13629 10380 2800 6477 8569 5542 7555
"ENSG00000228819" 0 0 0 0 0 0 0 0 346 454 176 132 288 412 695 291 0 0 0 0 0 0 0 0 162 164 290 153 307 352 225 679 0 0 0 0 0 0 0 0 235 102 224 76 229 161 120 250 0 0 0 0 0 0 0 0 165 170 182 23 103 74 111 106
"ENSG00000258650" 0 0 1 1 0 0 0 1 289 594 151 85 283 155 687 150 0 0 0 0 0 0 0 0 114 105 181 190 382 129 190 415 0 0 0 0 0 0 0 0 212 167 275 238 317 127 172 217 0 0 0 0 0 0 0 0 204 197 272 87 146 99 163 199
"ENSG00000143171" 18 2 3 2 3 4 6 1 19 57 14 5 47 3 86 9 363 95 121 187 153 633 495 33 326 336 495 212 852 87 410 964 524 145 390 313 1118 815 1743 112 1400 445 430 271 1287 950 525 763 717 358 305 335 1445 1259 2367 149 562 477 513 126 513 1138 218 240
"ENSG00000169071" 567 16 452 135 913 88 144 165 172 336 51 30 115 158 145 62 4872 2791 1827 1920 4222 4016 3855 1575 1600 1297 1932 1236 2283 725 1197 5673 5880 1877 2425 3135 7310 3394 4726 1891 2707 3081 3710 1145 3415 2388 1156 4942 6234 3889 2332 2999 10138 4572 5862 2717 4403 8043 5929 890 3948 5733 2915 5076
"ENSG00000092051" 954 74 1251 864 901 2104 1464 344 1555 707 1201 164 3117 863 6884 613 231 137 70 84 116 263 340 92 102 33 79 82 219 626 156 169 67 9 15 43 49 101 150 52 21 11 26 9 82 7 49 16 68 14 20 26 21 18 248 61 17 5 19 5 40 10 29 5
"ENSG00000102349" 217 17 307 108 44 213 209 133 292 181 146 25 205 108 447 112 1363 662 357 415 43 900 928 224 330 541 736 593 849 226 283 1166 4107 1087 1043 1776 215 10862 3221 979 1247 1601 1675 1606 1995 1570 608 2063 5947 2452 1417 2647 254 3687 4154 1440 2613 4738 5825 1610 5060 4807 2671 2693
"ENSG00000065320" 116 0 53 11 199 23 17 38 38 57 3 0 8 12 30 21 1003 646 473 509 1524 698 790 322 113 346 220 122 214 95 81 859 1030 388 558 1075 3047 419 1270 677 392 537 498 48 416 322 102 697 1900 1201 875 1138 4702 899 1284 688 1303 1967 1244 79 761 1546 437 1221
"ENSG00000235768" 0 0 0 0 0 0 0 0 385 603 196 78 280 234 648 158 0 0 0 0 0 0 0 0 211 130 257 266 339 228 227 603 0 0 0 0 0 0 0 0 268 126 200 154 198 111 116 225 0 0 0 0 0 0 0 0 209 228 150 51 117 78 138 123
"ENSG00000171587" 9 0 32 13 50 24 59 18 20 7 16 0 7 2 47 4 45 20 19 8 6 22 30 13 8 23 6 17 7 3 3 31 664 258 241 224 560 1055 568 177 20 156 125 111 104 137 19 137 1984 1075 494 769 1560 1244 1795 585 163 541 381 121 264 528 81 279
"ENSG00000128052" 873 4 1502 1341 2025 940 1107 790 1349 2359 627 267 602 1521 2127 1448 3447 2900 1081 5425 2468 2724 3927 2175 1288 1500 717 1033 514 1714 926 7941 1383 402 631 2686 1632 928 2350 1435 437 68 24 10 41 82 72 60 1057 347 899 2665 1078 623 1599 864 372 20 56 4 34 31 34 24
"ENSG00000198105" 400 109 672 410 723 529 570 7 685 1148 431 156 844 385 9 0 829 524 342 381 739 794 881 6 578 312 581 499 981 394 0 4 450 252 209 244 765 1462 725 8 448 431 477 626 525 367 0 1 770 299 349 528 691 410 773 1 674 1108 1019 464 774 676 0 0
"ENSG00000244226" 0 0 1 1 4 0 0 0 317 914 189 82 289 219 708 181 0 0 0 1 0 0 0 0 210 156 226 201 320 202 205 564 3 0 0 0 0 2 0 0 251 137 243 88 307 162 151 271 2 0 0 2 0 0 0 0 157 153 130 41 114 95 99 150
"ENSG00000101076" 0 1 0 0 3 2 1 1 7 9 3 0 1 0 0 0 0 1 0 0 1 3 0 1 0 10 1 2 4 0 0 1 23 7 26 9 142 16 12 5 107 428 414 86 112 68 85 342 10 17 10 13 125 36 24 71 768 1169 910 125 267 522 378 911
"ENSG00000164076" 1638 316 2196 1915 5035 2841 2808 1179 2061 2631 1550 443 2733 1510 6238 1579 1257 739 482 1049 863 1423 1628 1071 498 181 384 273 485 1132 660 695 170 88 112 265 188 924 603 516 270 22 57 22 151 29 149 40 261 56 210 416 105 47 944 297 142 6 49 3 84 12 91 10
"ENSG00000138449" 1 0 2 2 5 2 2 1 7 7 0 0 0 2 6 0 9 10 11 12 16 11 9 9 4 2 9 6 3 2 3 7 476 375 167 169 574 261 530 194 21 26 17 25 19 27 7 17 2233 1594 581 529 811 1251 1433 832 73 21 23 5 18 63 13 7
"ENSG00000229612" 0 0 0 0 0 0 0 0 354 651 184 79 340 238 798 169 0 0 0 0 0 0 0 0 156 102 142 165 323 218 199 530 0 0 0 1 0 0 0 0 244 153 238 121 200 117 138 206 0 0 0 0 0 0 0 0 184 204 187 30 113 86 132 137
"ENSG00000170775" 268 11 352 88 501 102 146 140 115 314 24 12 28 59 57 42 2271 1192 1173 1044 1634 1663 1784 677 414 582 627 880 692 286 459 2813 3246 1314 1538 2206 5078 1402 1650 1018 1311 1408 1837 844 1435 1338 567 2110 6543 2587 2673 3382 9392 2952 2834 1522 3378 5184 2728 525 2124 4193 1774 2532
"ENSG00000137486" 235 22 359 140 2149 34 137 1378 50 147 6 3 28 30 45 23 1362 1261 1256 1100 3141 913 1852 3200 156 485 229 285 203 113 134 1250 2469 1041 1859 4171 5914 917 1788 4221 666 672 219 128 229 283 174 943 3658 1875 2047 3636 6152 1083 2093 4015 1007 790 207 69 162 283 298 447
"ENSG00000125845" 665 69 472 292 574 360 445 286 778 1450 178 222 550 1158 403 470 5625 2642 2692 2276 3661 3597 4566 555 1242 4628 1355 3420 2355 1710 685 13735 11463 4906 6854 12197 18688 7621 10374 5488 6915 8155 6789 5429 9755 7665 1944 13310 8786 4402 4626 10335 18067 9983 9081 8673 12307 21375 11525 3166 12623 15525 8957 10728
"ENSG00000186340" 755 9 1210 320 2282 945 878 369 499 657 203 45 225 463 671 423 2565 1545 1518 1845 3315 2199 2851 1412 1427 270 411 200 415 479 695 1280 142 56 256 348 270 200 449 353 253 18 24 9 88 35 44 28 100 33 369 263 72 26 362 146 210 2 14 1 19 5 14 2
"ENSG00000177519" 362 293 585 1378 3279 547 884 1280 140 1258 21 24 36 77 59 63 511 264 236 362 549 561 574 698 198 88 32 25 164 70 62 77 4148 1801 1172 1993 3591 3647 2553 1587 1113 1020 593 444 1262 814 212 740 3487 2397 1297 2404 5700 3108 3813 2425 2536 3599 3570 805 2445 4546 1275 1829
"ENSG00000225662" 0 0 0 0 0 0 1 0 170 788 114 91 231 152 567 144 0 0 0 0 0 0 0 0 152 153 205 302 351 145 292 453 0 0 0 0 0 0 0 0 159 157 167 173 226 132 173 205 1 0 0 0 0 0 0 0 134 233 122 84 133 71 144 100
"ENSG00000147604" 1115 804 1764 2878 3811 1568 2153 1483 49 234 50 42 117 65 275 69 2616 1444 1162 2156 2440 2584 2346 1566 96 56 78 94 141 79 82 275 1847 1083 986 1639 2567 708 1745 1533 97 31 52 41 83 59 50 93 1891 696 1059 1992 1588 930 1337 1037 63 44 43 5 33 653 24 44
"ENSG00000128610" 1206 139 1347 804 353 1338 262 268 1880 441 663 8 2939 473 4327 269 305 107 36 41 45 114 45 37 137 11 50 1 311 329 107 50 121 34 22 25 12 48 18 35 91 4 63 1 302 9 94 6 165 31 50 34 34 27 47 21 142 6 59 1 253 5 137 6
"ENSG00000248119" 4 1 1 1 4 1 3 1 8 88 0 0 0 0 3 1 62 36 39 40 17 51 49 15 125 419 129 725 185 46 122 908 345 100 89 179 303 516 214 69 310 608 548 589 623 305 245 553 356 119 123 265 177 179 290 55 301 671 448 250 269 256 330 249
"ENSG00000180113" 5 2 16 23 20 8 4 7 600 360 185 35 240 221 726 124 13 10 7 7 16 14 7 10 362 282 447 211 354 226 265 1053 20 9 5 9 34 16 8 9 392 162 355 121 324 197 159 413 28 10 8 23 12 12 12 5 461 456 494 57 292 294 262 264
"ENSG00000165757" 62 13 148 79 213 105 203 65 157 240 121 20 226 124 409 127 110 83 78 110 304 109 173 152 103 134 69 94 103 99 67 303 1665 685 1095 1667 4309 1351 2132 1185 2919 2735 1105 749 1565 1780 485 3330 2364 1305 893 1850 3769 2276 2745 1907 1757 3369 1932 395 1030 1453 1030 1105
"ENSG00000063046" 497 4 1285 557 1955 896 1003 751 52 47 22 11 36 34 67 34 1429 886 662 1086 1548 1194 1275 959 36 28 27 22 38 30 26 98 879 482 580 1042 1760 449 1022 995 33 26 27 13 28 29 20 57 882 436 488 812 1281 530 1085 1016 37 42 28 7 12 503 18 28
"ENSG00000196104" 8 2 12 36 351 8 25 118 5 5 13 1 118 9 25 1 24 33 6 16 31 14 13 38 3 7 4 2 59 13 11 12 32 32 26 23 90 41 51 135 105 79 139 94 196 113 44 125 454 272 109 215 525 208 319 115 1283 909 781 146 1454 3189 602 1252
"ENSG00000162344" 397 81 421 393 2167 419 359 332 81 779 35 9 61 100 50 100 2382 1053 1217 1482 2609 2270 1751 1436 281 353 149 190 233 117 193 671 170 119 197 317 909 132 363 563 33 13 1 7 22 9 5 11 49 12 158 119 178 18 176 211 31 12 2 1 14 4 3 3
"ENSG00000204335" 126 0 1 1 4 0 0 0 10 288 0 0 2 4 1 3 1233 620 475 736 1110 992 1193 765 390 325 383 459 504 138 303 1075 147 38 170 357 280 99 318 193 161 28 29 6 93 44 93 28 49 25 146 101 92 47 118 67 54 8 7 0 6 0 12 3
"ENSG00000178852" 17 1 66 16 44 15 17 26 26 71 41 22 22 54 70 56 17 26 13 14 86 11 18 22 35 19 37 12 8 40 13 80 362 139 187 77 374 357 229 54 1054 970 872 463 549 952 114 1993 653 449 284 134 573 160 483 178 1395 946 531 109 222 956 279 798
"ENSG00000142173" 3985 571 3924 2145 6170 2001 3076 2473 593 955 143 172 435 462 664 388 28155 15652 7454 8966 14507 18371 21019 10641 869 1089 604 1528 1708 708 723 3417 35135 12748 8583 13273 15141 52017 21974 14906 899 1617 966 1115 2190 1212 879 1780 77486 26658 16273 34932 30791 21898 28908 20423 1421 2451 851 393 1791 1836 1698 889
"ENSG00000154096" 9371 4697 14785 9376 25501 12746 21841 9541 6765 30105 7043 7091 9211 16140 26755 15547 2854 3416 1999 1327 3083 2700 8909 3734 493 1204 596 2909 537 11562 835 5773 2844 1671 3375 2867 2567 1995 8646 3493 625 336 498 457 963 403 690 884 5417 1602 5998 6662 1865 871 13746 3614 1027 102 298 85 386 111 449 92
"ENSG00000138119" 82 3 1880 84 1102 135 1223 1182 272 323 94 168 93 550 216 225 73 89 100 58 143 59 124 261 26 79 40 47 61 389 11 120 738 329 905 708 1428 1080 521 948 289 540 461 324 682 454 140 477 3060 1126 2601 1568 4275 460 593 766 3075 5534 1336 425 1671 5141 1488 3138
"ENSG00000173401" 150 234 19 82 366 51 372 133 10 12 1 3 1 1 0 0 624 732 74 509 556 923 2367 320 25 29 0 7 2 4 3 48 309 188 23 426 239 538 714 171 1 0 0 0 1 0 0 1 424 61 28 677 139 66 567 61 2 2 0 0 0 0 2 1
"ENSG00000204347" 330 122 259 464 67 705 298 72 291 515 730 35 1945 168 4300 449 19 1 3 9 7 19 60 8 12 0 8 1 45 119 45 10 2 2 4 0 4 8 38 1 7 0 6 1 62 0 36 1 2 0 3 3 0 10 102 0 12 1 2 0 24 0 12 0
"ENSG00000174640" 11 1 29 12 137 25 43 23 31 24 8 2 10 10 18 11 91 39 104 66 267 116 140 48 24 28 11 3 10 9 12 28 499 149 562 360 1694 461 689 47 78 244 22 20 86 237 19 318 1850 1210 1244 1041 6059 1445 1721 139 302 700 118 45 72 276 46 384
"ENSG00000128567" 3777 157 16596 3140 17837 9211 11639 10898 6179 4988 3510 1196 3871 5970 8914 4334 456 462 818 702 940 606 1445 2767 271 100 68 48 95 4092 98 223 5052 2237 3782 4464 13330 4469 6372 5500 1510 1353 625 212 875 1298 146 2077 7946 3866 4745 7864 13861 6150 9355 9345 5125 3540 1865 252 1498 3680 898 3170
"ENSG00000243777" 0 0 0 0 0 0 1 0 253 998 126 103 234 181 641 146 0 0 0 1 0 0 1 0 134 126 183 217 350 166 209 526 0 0 1 0 0 0 0 0 172 167 180 174 222 118 144 171 0 0 0 1 0 1 0 0 143 180 124 54 113 54 119 108
"ENSG00000105974" 270 69 2538 179 2211 168 1439 1318 266 1797 33 388 45 1706 70 415 1806 1305 1432 1227 3129 1573 2445 1799 518 1149 55 307 345 1620 52 1619 543 460 814 1115 1565 330 1044 1661 220 110 17 19 26 97 9 67 1040 209 789 1260 570 124 477 760 268 40 18 1 14 66 16 39
"ENSG00000124942" 11 4 183 6 172 24 42 85 62 205 16 33 42 70 89 24 55 31 42 43 100 60 57 49 50 204 16 98 23 80 15 222 447 140 281 799 1029 463 291 621 467 1085 291 408 421 421 140 1181 1090 281 517 1530 1932 820 466 1292 1349 3488 619 265 791 1301 822 1048
"ENSG00000158856" 44 1 22 6 248 7 7 30 24 67 3 6 3 23 19 5 557 211 138 183 576 412 293 134 381 189 457 353 753 97 359 654 717 252 331 444 1571 937 712 351 606 537 697 731 760 373 280 561 570 307 293 299 1201 600 906 527 877 1082 1478 908 713 586 540 394
"ENSG00000254934" 1682 1581 2973 2967 7280 3368 4852 2351 603 633 203 115 310 403 835 290 2117 1372 1140 1435 1163 2524 2515 1737 283 119 225 188 255 328 264 595 839 527 1020 1611 706 1386 1334 1961 214 85 37 21 63 42 73 79 2185 422 1613 3712 473 141 1694 1565 226 31 29 4 32 18 65 17
"ENSG00000154556" 362 144 1219 932 3856 2882 4389 1821 122 68 2 2 22 36 117 35 5 7 2 6 25 53 174 41 2 1 0 5 2 26 3 6 30 12 22 55 87 122 182 165 16 8 10 7 19 1 5 12 157 53 72 323 215 43 458 420 69 28 17 3 26 18 26 13
"ENSG00000229567" 0 0 0 0 0 0 0 0 216 697 153 75 238 148 691 161 0 0 0 1 0 1 0 0 143 87 179 189 395 128 221 422 0 0 0 0 0 1 0 0 165 76 167 143 287 102 175 205 0 0 1 2 0 0 2 0 194 161 172 68 138 64 160 141
"ENSG00000250328" 116 17 640 185 701 237 311 419 0 2 0 0 0 0 0 0 210 162 206 170 264 216 250 322 1 0 0 0 0 0 0 2 274 114 265 335 238 333 212 407 0 0 1 0 0 0 0 0 454 197 322 610 311 149 296 407 0 0 1 0 0 104 0 0
"ENSG00000138639" 4 1 25 10 100 8 20 14 12 56 4 6 4 22 17 9 46 26 16 24 76 37 71 11 15 72 18 39 41 23 15 110 640 238 266 265 417 509 438 199 192 376 153 169 231 264 65 386 1232 612 422 632 394 715 823 505 670 1206 524 235 642 1110 269 504
"ENSG00000163032" 655 439 2076 1104 2963 969 1642 1386 104 172 17 12 76 37 177 36 220 280 414 368 479 314 828 969 38 6 14 8 144 36 46 18 106 63 279 315 149 79 286 666 21 1 15 1 119 2 45 7 234 65 436 697 100 30 367 892 75 6 16 1 38 10 33 1
"ENSG00000071282" 220 67 1726 614 797 630 796 936 116 19 13 4 30 25 46 13 76 52 86 43 56 67 115 71 2 10 6 13 16 26 5 28 566 152 427 253 720 453 515 216 23 31 87 26 84 29 32 30 2330 1105 1094 983 4483 2626 2144 412 138 149 364 56 96 70 223 59
"ENSG00000163347" 39 4 65 19 140 42 72 63 31 32 23 9 27 37 42 15 233 117 42 158 364 163 127 56 109 180 187 110 453 122 106 589 222 55 80 223 489 107 95 94 593 791 813 230 808 601 284 1260 421 236 183 215 988 243 227 100 2248 4491 1967 201 1456 3138 1115 2294
"ENSG00000119242" 59 5 18 12 219 16 70 5 150 504 171 270 319 250 647 189 1007 283 137 199 1368 950 723 37 1170 387 1994 1379 2906 418 1612 2087 1232 386 365 321 2193 988 1322 155 1113 954 1413 1272 1602 684 814 1150 1369 736 523 875 3254 1491 2111 748 1553 2602 2273 735 1408 1610 1616 1230
"ENSG00000003436" 7 1 96 47 72 22 90 30 80 452 5 52 17 66 54 37 22 22 60 50 26 47 119 77 50 78 34 308 33 78 26 466 75 36 27 40 34 40 116 57 170 279 480 784 367 420 183 565 231 85 75 70 40 41 179 53 322 508 2181 666 1351 2146 1297 1425
"ENSG00000169174" 711 10 937 274 1736 381 321 1917 783 5562 439 135 1144 1529 1534 578 5044 1719 1331 1285 645 2097 1663 3090 3440 8448 7323 5471 6866 2879 5416 16904 3435 1127 1871 2851 2832 2012 3505 4806 8163 11571 8027 2483 11373 8406 4298 15968 7539 2480 2419 4109 5778 5921 6736 4359 20219 17572 13072 859 15085 20369 10947 14778
"ENSG00000258977" 5 0 2 1 3 0 0 1 11 7 1 1 4 0 2 0 66 16 22 31 28 48 40 15 10 6 13 7 16 1 9 12 510 175 99 190 157 752 193 84 28 99 121 210 118 69 30 118 1117 349 197 403 550 543 438 140 232 314 499 181 450 342 701 350
"ENSG00000183960" 71 8 184 61 126 93 100 98 163 231 58 41 65 55 226 53 168 153 103 158 151 162 172 132 82 38 82 62 89 56 75 120 544 130 162 302 407 1293 228 206 261 662 943 953 907 346 365 683 2352 839 474 1309 918 1000 728 581 1033 4092 3989 1951 2621 1770 3643 1899
"ENSG00000094755" 40 22 75 71 171 34 78 77 18 198 18 11 23 62 17 35 33 28 21 22 24 40 46 13 52 22 83 42 82 57 30 124 20 10 14 29 18 25 27 42 576 1009 518 807 490 421 97 869 35 8 27 73 14 7 28 60 836 1413 798 406 460 799 397 574
"ENSG00000139219" 600 58 1190 373 473 777 823 138 777 425 785 245 1546 354 2828 316 3753 868 660 430 680 2490 1801 151 800 242 1643 786 3664 348 1301 1057 11298 2596 3277 2883 3994 17199 4685 935 2879 991 5951 1053 10606 1296 3190 2995 31002 6589 6847 18230 8490 22850 10226 5182 5388 2055 6772 494 18005 5727 10699 3361
"ENSG00000049130" 460 50 673 394 992 378 644 465 399 450 127 44 184 161 478 122 2744 1902 1300 1585 1899 2693 3530 1348 1536 710 447 514 1308 575 443 4183 299 162 401 625 541 222 691 638 156 9 21 6 102 20 42 12 640 123 872 1544 373 67 824 195 184 4 19 2 40 14 26 5
"ENSG00000158747" 116 71 401 223 1032 139 190 207 178 556 44 30 79 115 142 45 767 348 376 414 1155 730 717 355 318 386 251 262 451 160 175 675 3625 1801 1257 1761 6167 1570 1933 883 2430 2522 2102 1758 2477 2091 1106 2822 5763 3841 1928 3189 15201 5652 4914 2100 4066 4575 1801 718 1424 2690 1836 2662
"ENSG00000237629" 0 0 0 0 0 0 1 1 270 814 137 81 252 165 640 105 0 0 0 0 0 4 0 0 152 126 187 275 356 149 178 513 0 0 0 0 0 0 0 3 183 132 168 152 174 101 165 165 0 0 1 0 0 0 0 0 142 147 117 45 64 38 77 86
"ENSG00000135549" 24 12 286 430 1156 8 30 1179 96 352 6 2 5 10 23 7 37 34 261 390 757 11 13 1549 73 77 8 5 8 10 2 15 54 31 256 514 983 20 30 2253 66 65 15 6 19 15 7 8 271 133 289 1127 941 222 237 1931 245 143 56 13 34 189 37 126
"ENSG00000106804" 10 1 16 6 29 16 18 8 77 98 85 8 197 35 228 23 28 15 10 11 33 28 40 6 66 29 61 23 179 37 34 62 40 18 26 12 88 124 95 25 92 138 146 57 216 113 37 90 284 84 82 168 181 849 180 64 1423 795 1188 144 2189 3459 1036 1341
"ENSG00000163618" 262 99 1487 524 1263 498 1229 624 128 127 20 18 45 44 146 37 150 120 184 220 241 275 339 218 15 4 17 12 24 35 28 32 1192 460 813 581 1752 4254 1305 618 69 30 21 35 21 45 39 72 1492 632 943 1322 1573 1032 1519 839 93 23 18 6 21 24 31 16
"ENSG00000158874" 3 1 2 5 1 2 0 1 28 6 2 1 1 0 4 0 25 4 9 10 5 20 10 0 7 6 2 5 5 0 1 9 589 209 180 184 237 661 409 94 65 53 76 54 27 16 39 52 1078 569 213 560 418 1306 874 391 196 254 307 108 33 31 203 52
"ENSG00000248586" 0 0 1 0 0 0 0 0 235 785 196 88 288 301 744 232 0 0 3 0 0 0 0 0 211 181 188 198 301 260 173 666 0 0 0 0 0 0 0 0 183 71 102 56 180 126 91 190 0 0 0 0 0 0 3 0 113 82 61 10 46 27 60 63
"ENSG00000152208" 615 126 2150 1150 10277 788 1541 1344 312 779 87 148 71 592 183 415 505 510 432 993 3842 411 772 663 150 60 81 117 27 451 48 428 365 222 510 1246 3355 264 571 846 147 30 16 34 16 20 25 38 1135 415 841 3745 3495 124 673 855 204 44 17 9 13 16 27 15
